9465839137
78381804
34684296328
04039160
6083540075
104036766526
341914070
8062428813
597202310033
6616268074
857728994970
02089376969
665264095
0193533105
62534209359
677701280408
378258405
07510941
22738546
526430559
241508208
332365831
693269402872
586770655
57220991
5530501183
57551747739
1337479747
445129619312
036721382
68823406677
4705613398
187308765633
01307876
56901032557
6850753694
72914873758
5729792040
36795190
344730273
9028251831
4985389872
7502726273
7822748316
7759458638
5439447601
63288165
8742573103
37490465494
60488505630
94095459862
665460603127
387559801522
654002288549
2589887123
6807137140
97076811760
851241661
501851621153
27336293780
3806050912
35345023420
811188850
025007639278
183572907
81050239
00272084
80825841
96652179319
11764569965
245771452998
257019406
4952911630
55114525786
3823202440
461253647
01055680010
928990203
51150751107
6167604427
34231465
3235592163
2029209864
45608828452
15290035364
93287985059
078409225
93429883837
74471155899
9292077332
33335650
426574734092
501816251894
686404894868
33681091111
597165248277
454990065830
908044715
40752193286
35185463
38743685081
084927117719
